    unsorted:	 171.3472991 171.3472991 4.651343229e-07 0.0004380430336 171.3819894 171.1460737 221.1246959 220.8630842 223.0639649 208.5734933 207.8392027 206.5072752 225.8641253 181.3050648 185.9640573 237.2021209 260.0319761 264.7016935 287.2060975 296.5621240 0.4764320970 0.9412672568 5.170268953 15.27554098 9.412738191 12.49831826 39.60497839 69.00613614 329.0302520 370.1788667 400.2727506 420.8545372 505.6708698 628.6718402 765.7155481 790.5155581 1085.349412 1181.212695 1827.649291 2030.866701 2319.039242 3265.195328 6560.358900 27631.54193 39622.17769 90346.46549 110721.5060 3652914.498
      sorted:	 4.651343229e-07 0.0004380430336 0.4764320970 0.9412672568 5.170268953 9.412738191 12.49831826 15.27554098 39.60497839 69.00613614 171.1460737 171.3472991 171.3472991 171.3819894 181.3050648 185.9640573 206.5072752 207.8392027 208.5734933 220.8630842 221.1246959 223.0639649 225.8641253 237.2021209 260.0319761 264.7016935 287.2060975 296.5621240 329.0302520 370.1788667 400.2727506 420.8545372 505.6708698 628.6718402 765.7155481 790.5155581 1085.349412 1181.212695 1827.649291 2030.866701 2319.039242 3265.195328 6560.358900 27631.54193 39622.17769 90346.46549 110721.5060 3652914.498
