    unsorted:	 171.3472991 171.3472991 171.3472991 171.3472991 171.3472991 171.3472991 171.3472991 171.3472991 171.3472991 171.3472991 171.3472991 171.3472991 298.8391316 294.4175240 318.2113788 332.0135340 270.8800946 227.4189039 219.4858959 197.1096107 179.2418463 389.1508754 396.2855942 440.2256466 448.1335514 531.3235369 61.91643648 657.3304127 781.8561594 868.2664828 970.1338614 1244.861920 1426.419828 1529.964673 1673.084836 1806.709177 2159.559119 2628.855670 3004.506421 3251.065491 3330.650432 4396.229122 4874.142602 6201.063206 6508.871320 7444.969920 9899.803496 14614.52188 19449.57860 27519.56938 42186.23760 52355.39112 73914.89048 6787008.228
      sorted:	 61.91643648 171.3472991 171.3472991 171.3472991 171.3472991 171.3472991 171.3472991 171.3472991 171.3472991 171.3472991 171.3472991 171.3472991 171.3472991 179.2418463 197.1096107 219.4858959 227.4189039 270.8800946 294.4175240 298.8391316 318.2113788 332.0135340 389.1508754 396.2855942 440.2256466 448.1335514 531.3235369 657.3304127 781.8561594 868.2664828 970.1338614 1244.861920 1426.419828 1529.964673 1673.084836 1806.709177 2159.559119 2628.855670 3004.506421 3251.065491 3330.650432 4396.229122 4874.142602 6201.063206 6508.871320 7444.969920 9899.803496 14614.52188 19449.57860 27519.56938 42186.23760 52355.39112 73914.89048 6787008.228
