    unsorted:	 9.615651136 20.68115145 28.30793920 0.7312847955 89.32417461 159.1319962 223.4732627 405.7380004 386.2597790 1046.788541 1131.311433 2813.366884 2986.032768 4656.101777 7079.125577 8626.713888 224699.8163 845728.4924
      sorted:	 0.7312847955 9.615651136 20.68115145 28.30793920 89.32417461 159.1319962 223.4732627 386.2597790 405.7380004 1046.788541 1131.311433 2813.366884 2986.032768 4656.101777 7079.125577 8626.713888 224699.8163 845728.4924
