    unsorted:	 171.3472991 1398.968849 1434.993901 949.1602218 1020.571368 1147.787275 750.5331082 282.6467767 176.8066587 229.1777819 1689.225933 1999.483690 2330.334243 2705.395626 2955.168949 3144.484353 3806.341684 4045.580602 4625.486940 5494.374836 5761.435735 7587.828564 13027.29392 26263.07393 49575.74454 66418.51493 93740.21716 171300.3476 433929.0007 5.609023171e-07 4.880105380e-07 5.727845630e-07 1.293111980e-06
      sorted:	 4.880105380e-07 5.609023171e-07 5.727845630e-07 1.293111980e-06 171.3472991 176.8066587 229.1777819 282.6467767 750.5331082 949.1602218 1020.571368 1147.787275 1398.968849 1434.993901 1689.225933 1999.483690 2330.334243 2705.395626 2955.168949 3144.484353 3806.341684 4045.580602 4625.486940 5494.374836 5761.435735 7587.828564 13027.29392 26263.07393 49575.74454 66418.51493 93740.21716 171300.3476 433929.0007
