    unsorted:	 171.3472991 171.3472991 171.3472991 171.3472991 171.3472991 171.3472991 171.3472991 171.3472991 171.3472991 171.3472991 171.3472991 171.3472991 171.3472991 171.3472991 305.0877639 310.1167150 273.8038558 283.6433025 224.2358851 225.6239231 362.8789894 379.0987112 198.2650938 180.7257471 392.7791301 424.1452126 515.6597089 559.3966256 646.8680119 33.04177745 782.4555790 874.9869467 1141.268517 1254.823642 1454.942571 1601.078415 1758.462626 2102.122628 2454.928670 2981.689580 3202.917588 3490.094822 4318.836342 4841.249910 6284.857153 6413.211595 9198.096462 11805.14193 17997.48655 25742.18985 45322.84024 51382.05954 71778.61387 3978022.788
      sorted:	 33.04177745 171.3472991 171.3472991 171.3472991 171.3472991 171.3472991 171.3472991 171.3472991 171.3472991 171.3472991 171.3472991 171.3472991 171.3472991 171.3472991 171.3472991 180.7257471 198.2650938 224.2358851 225.6239231 273.8038558 283.6433025 305.0877639 310.1167150 362.8789894 379.0987112 392.7791301 424.1452126 515.6597089 559.3966256 646.8680119 782.4555790 874.9869467 1141.268517 1254.823642 1454.942571 1601.078415 1758.462626 2102.122628 2454.928670 2981.689580 3202.917588 3490.094822 4318.836342 4841.249910 6284.857153 6413.211595 9198.096462 11805.14193 17997.48655 25742.18985 45322.84024 51382.05954 71778.61387 3978022.788
