    unsorted:	 171.3472991 171.3472991 223.1936019 221.9774172 220.1244365 216.5653666 227.9562284 211.1209109 237.1465151 242.5805725 248.7827953 191.5326480 181.8588014 166.0995462 160.2444254 154.9795122 143.9508729 303.6598877 312.5223533 332.9044035 21.52307934 21.43357309 14.89858400 12.92387094 35.57641190 4.666787775 42.33695196 366.8103701 440.2410677 435.6910314 462.2423331 509.9619474 589.8337869 674.8664226 1092.570833 1381.075940 1481.642804 2252.501363 2457.457017 3222.047165 3826.424134 4553.037469 6134.498962 18992.50939 42344.10804 73382.44317 94132.21147 11458652.36
      sorted:	 4.666787775 12.92387094 14.89858400 21.43357309 21.52307934 35.57641190 42.33695196 143.9508729 154.9795122 160.2444254 166.0995462 171.3472991 171.3472991 181.8588014 191.5326480 211.1209109 216.5653666 220.1244365 221.9774172 223.1936019 227.9562284 237.1465151 242.5805725 248.7827953 303.6598877 312.5223533 332.9044035 366.8103701 435.6910314 440.2410677 462.2423331 509.9619474 589.8337869 674.8664226 1092.570833 1381.075940 1481.642804 2252.501363 2457.457017 3222.047165 3826.424134 4553.037469 6134.498962 18992.50939 42344.10804 73382.44317 94132.21147 11458652.36
