    unsorted:	 171.3472991 171.3472991 171.3472991 171.3472991 171.3472991 212.7800964 215.3843980 211.0301562 217.2763570 206.9114705 206.2798462 203.0396028 222.0586528 222.8820680 195.5879877 196.2508995 191.0937613 189.4402748 237.2039997 179.4563878 171.2052272 242.6181698 246.0398323 153.5530111 269.4674026 286.5057335 295.8550646 308.2912380 329.9700828 96.87420072 3.646566062 4.071591642 8.424100983 0.1513380681 19.19009287 12.73196235 25.14072319 23.21812447 362.4788864 416.8018547 444.1883885 522.8557645 821.0740686 1337.486150 1993.268752 4274.440334 42352.14987 39287.55166
      sorted:	 0.1513380681 3.646566062 4.071591642 8.424100983 12.73196235 19.19009287 23.21812447 25.14072319 96.87420072 153.5530111 171.2052272 171.3472991 171.3472991 171.3472991 171.3472991 171.3472991 179.4563878 189.4402748 191.0937613 195.5879877 196.2508995 203.0396028 206.2798462 206.9114705 211.0301562 212.7800964 215.3843980 217.2763570 222.0586528 222.8820680 237.2039997 242.6181698 246.0398323 269.4674026 286.5057335 295.8550646 308.2912380 329.9700828 362.4788864 416.8018547 444.1883885 522.8557645 821.0740686 1337.486150 1993.268752 4274.440334 39287.55166 42352.14987
