    unsorted:	 171.3472991 171.3472991 9.388229895e-07 0.0001099294427 0.05602442955 221.6375992 219.1826523 223.0506170 213.9191543 227.2704144 205.7830298 207.0297148 181.6593485 181.8618541 184.9963471 177.7682054 240.4088312 249.2007388 251.9930885 264.4605245 275.8989889 287.2606343 0.8881175183 1.897039688 8.653395883 7.479151253 13.16554033 39.78533423 66.39463728 316.7278806 360.7846802 377.7113878 398.2447793 496.4863626 600.9705711 751.1013448 898.1986572 1052.440978 1508.561670 1737.508498 2049.355402 2906.151628 6537.061590 18471.14519 40965.17474 84168.92951 105726.0200 5070994.118
      sorted:	 9.388229895e-07 0.0001099294427 0.05602442955 0.8881175183 1.897039688 7.479151253 8.653395883 13.16554033 39.78533423 66.39463728 171.3472991 171.3472991 177.7682054 181.6593485 181.8618541 184.9963471 205.7830298 207.0297148 213.9191543 219.1826523 221.6375992 223.0506170 227.2704144 240.4088312 249.2007388 251.9930885 264.4605245 275.8989889 287.2606343 316.7278806 360.7846802 377.7113878 398.2447793 496.4863626 600.9705711 751.1013448 898.1986572 1052.440978 1508.561670 1737.508498 2049.355402 2906.151628 6537.061590 18471.14519 40965.17474 84168.92951 105726.0200 5070994.118
