    unsorted:	 171.3472991 171.3472991 171.3472991 171.3472991 171.3472991 171.3472991 171.3472991 171.3472991 171.3472991 171.3472991 171.3472991 171.3472991 171.3472991 222.9184797 225.1050589 273.4242207 277.5381560 294.9909825 312.8000895 198.8555334 180.9223392 382.0630074 403.0503509 423.1361235 439.5820269 531.7672724 48.70705883 655.5828645 717.5242186 851.8770333 927.9724571 1235.598122 1297.000934 1464.949727 1639.995084 1787.090846 2140.217562 2512.039911 2592.807134 3051.395868 3246.559100 4298.192279 4825.241225 5488.200209 6372.094560 7263.164051 9682.143948 15065.23963 18852.64536 26917.57576 43678.91291 52048.82398 73265.97862 5007638.211
      sorted:	 48.70705883 171.3472991 171.3472991 171.3472991 171.3472991 171.3472991 171.3472991 171.3472991 171.3472991 171.3472991 171.3472991 171.3472991 171.3472991 171.3472991 180.9223392 198.8555334 222.9184797 225.1050589 273.4242207 277.5381560 294.9909825 312.8000895 382.0630074 403.0503509 423.1361235 439.5820269 531.7672724 655.5828645 717.5242186 851.8770333 927.9724571 1235.598122 1297.000934 1464.949727 1639.995084 1787.090846 2140.217562 2512.039911 2592.807134 3051.395868 3246.559100 4298.192279 4825.241225 5488.200209 6372.094560 7263.164051 9682.143948 15065.23963 18852.64536 26917.57576 43678.91291 52048.82398 73265.97862 5007638.211
