    unsorted:	 171.3472991 171.3472991 171.3472991 171.3472991 171.3472991 171.3472991 171.3472991 171.3472991 171.3472991 171.3472991 171.3472991 313.8916178 319.6866144 330.0622981 298.0563256 358.8649153 272.9843037 401.4876347 396.7009002 229.8055654 222.5046258 198.4522417 180.4235735 451.8569888 477.8422188 541.4008820 662.0649334 57.87949194 799.4266661 884.8771939 1150.842278 1251.547505 1506.095519 1631.776540 1718.021046 1845.084141 2180.814492 2673.298222 3043.968661 3295.535285 4131.863670 4452.675199 4926.750733 6304.056955 6714.735883 7687.685055 10054.52290 14389.03762 20083.91501 27873.15004 40788.63866 52522.26306 74261.80420 7024640.679
      sorted:	 57.87949194 171.3472991 171.3472991 171.3472991 171.3472991 171.3472991 171.3472991 171.3472991 171.3472991 171.3472991 171.3472991 171.3472991 180.4235735 198.4522417 222.5046258 229.8055654 272.9843037 298.0563256 313.8916178 319.6866144 330.0622981 358.8649153 396.7009002 401.4876347 451.8569888 477.8422188 541.4008820 662.0649334 799.4266661 884.8771939 1150.842278 1251.547505 1506.095519 1631.776540 1718.021046 1845.084141 2180.814492 2673.298222 3043.968661 3295.535285 4131.863670 4452.675199 4926.750733 6304.056955 6714.735883 7687.685055 10054.52290 14389.03762 20083.91501 27873.15004 40788.63866 52522.26306 74261.80420 7024640.679
