    unsorted:	 171.3472991 171.3472991 171.3472991 171.3472991 171.3472991 171.3472991 171.3472991 171.3472991 171.3472991 171.3472991 298.0316348 314.3478150 270.8520805 276.6167722 332.3397037 221.0550368 223.2267535 196.8452216 179.1312367 376.0920014 397.9344795 427.8925575 445.9841876 492.8518372 544.2495510 66.09159567 656.1842907 830.9079968 897.1174763 926.8559353 1261.130431 1527.337466 1608.591725 1827.828429 1945.156343 2039.489585 2261.914782 2800.848417 3070.260387 3354.775741 4496.472972 4860.156550 5687.297024 6381.037075 7486.369815 8376.297281 10251.62107 15886.07359 20531.27379 28938.39357 39485.11781 53164.34520 75104.12058 7579835.728
      sorted:	 66.09159567 171.3472991 171.3472991 171.3472991 171.3472991 171.3472991 171.3472991 171.3472991 171.3472991 171.3472991 171.3472991 179.1312367 196.8452216 221.0550368 223.2267535 270.8520805 276.6167722 298.0316348 314.3478150 332.3397037 376.0920014 397.9344795 427.8925575 445.9841876 492.8518372 544.2495510 656.1842907 830.9079968 897.1174763 926.8559353 1261.130431 1527.337466 1608.591725 1827.828429 1945.156343 2039.489585 2261.914782 2800.848417 3070.260387 3354.775741 4496.472972 4860.156550 5687.297024 6381.037075 7486.369815 8376.297281 10251.62107 15886.07359 20531.27379 28938.39357 39485.11781 53164.34520 75104.12058 7579835.728
