    unsorted:	 171.3472991 171.3472991 4.143613450e-07 0.001978078193 219.1037490 215.9664373 214.9117917 213.5643703 223.5247954 204.6201107 230.7283114 197.0778929 234.1733227 179.4498803 182.0514814 265.0047675 261.6701985 0.3719409019 0.8072858791 291.5213382 40.29816964 15.59393298 35.77824056 18.91753417 13.04529622 6.264889782 318.5518863 397.0338244 421.2006170 442.0249948 482.7164206 653.3077780 737.5273919 855.3016916 1313.295361 1930.284162 2114.293014 2789.402065 4650.117703 14038.91444 21031.73926 32510.84431 38400.86340 65342.32163 97699.54526 108850.1034 617335.6292 8664497.017
      sorted:	 4.143613450e-07 0.001978078193 0.3719409019 0.8072858791 6.264889782 13.04529622 15.59393298 18.91753417 35.77824056 40.29816964 171.3472991 171.3472991 179.4498803 182.0514814 197.0778929 204.6201107 213.5643703 214.9117917 215.9664373 219.1037490 223.5247954 230.7283114 234.1733227 261.6701985 265.0047675 291.5213382 318.5518863 397.0338244 421.2006170 442.0249948 482.7164206 653.3077780 737.5273919 855.3016916 1313.295361 1930.284162 2114.293014 2789.402065 4650.117703 14038.91444 21031.73926 32510.84431 38400.86340 65342.32163 97699.54526 108850.1034 617335.6292 8664497.017
